1698685048800 0.5578736066818237 0
1698685048811 0.5725544691085815 1
1698685048811 0.5921804904937744 2
1698685048832 0.6700664758682251 3
1698685048834 0.7627878189086914 4
1698685048848 0.8391284346580505 5
1698685048848 0.8800803422927856 6
1698685048857 0.9095966815948486 7
1698685048864 0.9281409382820129 8
1698685048875 0.9383403062820435 9
1698685048880 0.9491577744483948 10
1698685048890 0.9568845629692078 11
1698685048896 0.9627569317817688 12
1698685048907 0.9686292409896851 13
1698685048912 0.9712563753128052 14
1698685048912 0.976356029510498 15
1698685048929 0.9794467687606812 16
1698685048929 0.9797558188438416 17
1698685048943 0.9813011884689331 18
1698685048943 0.9820738434791565 19
1698685048961 0.9820738434791565 20
1698685048961 0.984082818031311 21
1698685048976 0.9847009778022766 22
1698685048990 0.9843919277191162 23
1698685048993 0.9862463474273682 24
1698685048993 0.9860917925834656 25
1698685049009 0.986400842666626 26
1698685049009 0.986400842666626 27
1698685049024 0.9865553975105286 28
1698685049031 0.9851645827293396 29
1698685049050 0.9857827425003052 30
1698685049064 0.987328052520752 31
1698685049072 0.9871735572814941 32
1698685049080 0.987328052520752 33
1698685049093 0.9876371622085571 34
1698685049108 0.9890279769897461 35
1698685049114 0.9877916574478149 36
1698685049131 0.9877916574478149 37
1698685049143 0.987328052520752 38
1698685049147 0.987328052520752 39
1698685049165 0.9870190024375916 40
1698685049181 0.986864447593689 41
1698685049193 0.9881007671356201 42
1698685049205 0.986864447593689 43
1698685049220 0.987328052520752 44
1698685049238 0.9870190024375916 45
1698685049251 0.985937237739563 46
1698685049265 0.9882553219795227 47
1698685049282 0.986864447593689 48
1698685049288 0.9865553975105286 49
1698685049293 0.9874826073646545 50
1698685049298 0.9867099523544312 51
1698685049298 0.986400842666626 52
1698685049322 0.9874826073646545 53
1698685049330 0.9877916574478149 54
1698685049330 0.9881007671356201 55
1698685049339 0.9881007671356201 56
1698685049348 0.9884098172187805 57
1698685049348 0.9887189269065857 58
1698685049366 0.9882553219795227 59
