1698685048339 0.6900880932807922 0
1698685048346 0.6774429082870483 1
1698685048348 0.6553057432174683 2
1698685048354 0.6213511228561401 3
1698685048360 0.5701664686203003 4
1698685048363 0.5083890557289124 5
1698685048363 0.4378608763217926 6
1698685048363 0.3686663806438446 7
1698685048373 0.3046378195285797 8
1698685048378 0.24813687801361084 9
1698685048378 0.20240271091461182 10
1698685048378 0.16891157627105713 11
1698685048391 0.14226819574832916 12
1698685048391 0.1203935295343399 13
1698685048391 0.10701222717761993 14
1698685048406 0.08996979147195816 15
1698685048406 0.08140482753515244 16
1698685048421 0.07349638640880585 17
1698685048429 0.06554502993822098 18
1698685048442 0.06109867990016937 19
1698685048444 0.05843533203005791 20
1698685048460 0.05248486250638962 21
1698685048473 0.04782087355852127 22
1698685048483 0.047690801322460175 23
1698685048491 0.04324440658092499 24
1698685048498 0.04281812906265259 25
1698685048506 0.03874536603689194 26
1698685048513 0.0382666289806366 27
1698685048524 0.03632598742842674 28
1698685048534 0.04036068916320801 29
1698685048545 0.03762103617191315 30
1698685048548 0.033753782510757446 31
1698685048556 0.03354456648230553 32
1698685048573 0.03299466893076897 33
1698685048580 0.032962366938591 34
1698685048580 0.03201886638998985 35
1698685048596 0.0310963187366724 36
1698685048596 0.030691107735037804 37
1698685048612 0.03130350261926651 38
1698685048623 0.030609790235757828 39
1698685048628 0.02986961603164673 40
1698685048628 0.0313023217022419 41
1698685048644 0.028160303831100464 42
1698685048660 0.030094847083091736 43
1698685048660 0.028835583478212357 44
1698685048676 0.02913849614560604 45
1698685048677 0.029736056923866272 46
1698685048690 0.027833253145217896 47
1698685048691 0.02958521619439125 48
1698685048707 0.02952604927122593 49
1698685048709 0.02734517492353916 50
1698685048709 0.027326645329594612 51
1698685048728 0.029004042968153954 52
1698685048728 0.0266072116792202 53
1698685048739 0.027606818825006485 54
1698685048739 0.02705284021794796 55
1698685048763 0.0268473532050848 56
1698685048773 0.026070469990372658 57
1698685048779 0.027422217652201653 58
1698685048795 0.026383545249700546 59
