1698685049366 0.41683778166770935 0
1698685049373 1.0 1
1698685049381 1.0 2
1698685049389 0.9969183206558228 3
1698685049397 0.989771842956543 4
1698685049420 0.978536069393158 5
1698685049433 0.9748815298080444 6
1698685049453 0.9676182270050049 7
1698685049470 0.9609717130661011 8
1698685049479 0.9601855278015137 9
1698685049483 0.9584736227989197 10
1698685049496 0.9671273827552795 11
1698685049503 0.966899573802948 12
1698685049517 0.9742363095283508 13
1698685049519 0.9716363549232483 14
1698685049568 0.9778100848197937 15
1698685049582 0.9793553352355957 16
1698685049591 0.9783315062522888 17
1698685049600 0.9804843068122864 18
1698685049612 0.9840116500854492 19
1698685049616 0.9829586744308472 20
1698685049624 0.9833875298500061 21
1698685049631 0.9834114909172058 22
1698685049633 0.9851503372192383 23
1698685049641 0.9845156669616699 24
1698685049650 0.9866136312484741 25
1698685049651 0.987328052520752 26
1698685049657 0.983824610710144 27
1698685049671 0.9866281151771545 28
1698685049681 0.9855282306671143 29
1698685049687 0.9855491518974304 30
1698685049700 0.9849029183387756 31
1698685049711 0.9873509407043457 32
1698685049720 0.9870036244392395 33
1698685049725 0.9884225726127625 34
1698685049735 0.9863554835319519 35
1698685049749 0.987369179725647 36
1698685049755 0.9887803196907043 37
1698685049761 0.9884141683578491 38
1698685049775 0.9880607724189758 39
1698685049781 0.987346351146698 40
1698685049786 0.984886646270752 41
1698685049798 0.9887884259223938 42
1698685049804 0.9873417615890503 43
1698685049809 0.9873554706573486 44
1698685049820 0.986642599105835 45
1698685049826 0.9869612455368042 46
1698685049834 0.9891461730003357 47
1698685049840 0.9887558817863464 48
1698685049850 0.9869800806045532 49
1698685049857 0.9863063097000122 50
1698685049862 0.9866329431533813 51
1698685049862 0.986975371837616 52
1698685049884 0.984908401966095 53
1698685049889 0.9887803196907043 54
1698685049899 0.9884351491928101 55
1698685049903 0.9884351491928101 56
1698685049913 0.9898587465286255 57
1698685049914 0.9895117282867432 58
1698685049922 0.9866810441017151 59
