1698684829894 0.5659094452857971 0
1698684829902 0.5799722075462341 1
1698684829910 0.5969710946083069 2
1698684829918 0.6203059554100037 3
1698684829942 0.6527584791183472 4
1698684829958 0.6788749694824219 5
1698684829958 0.6985009908676147 6
1698684829975 0.7173543572425842 7
1698684829983 0.7249265909194946 8
1698684829991 0.7426981925964355 9
1698684829995 0.7627878189086914 10
1698684829999 0.7910678386688232 11
1698684830010 0.8168752789497375 12
1698684830017 0.8306289315223694 13
1698684830018 0.8538092970848083 14
1698684830031 0.8661721348762512 15
1698684830033 0.8814711570739746 16
1698684830041 0.8918250799179077 17
1698684830050 0.9007881283760071 18
1698684830058 0.9061968922615051 19
1698684830066 0.9162417054176331 20
1698684830066 0.9235048890113831 21
1698684830077 0.9315407276153564 22
1698684830084 0.9324679374694824 23
1698684830090 0.9350950121879578 24
1698684830090 0.9442126154899597 25
1698684830098 0.9435945153236389 26
1698684830106 0.9491577744483948 27
1698684830114 0.9491577744483948 28
1698684830122 0.9525575637817383 29
1698684830143 0.9542574286460876 30
1698684830147 0.9601297974586487 31
1698684830164 0.9579663276672363 32
1698684830172 0.9602843523025513 33
1698684830179 0.9624478220939636 34
1698684830187 0.9632205367088318 35
1698684830201 0.9653840065002441 36
1698684830210 0.9675475358963013 37
1698684830215 0.9714109301567078 38
1698684830220 0.9672384262084961 39
1698684830230 0.9686292409896851 40
1698684830236 0.9721835851669312 41
1698684830237 0.9724926352500916 42
1698684830244 0.9746561646461487 43
1698684830260 0.9728017449378967 44
1698684830265 0.9734198451042175 45
1698684830270 0.9760469794273376 46
1698684830280 0.9769741892814636 47
1698684830286 0.9755833745002747 48
1698684830293 0.9786741137504578 49
1698684830299 0.9794467687606812 50
1698684830307 0.976356029510498 51
1698684830316 0.9797558188438416 52
1698684830328 0.9797558188438416 53
1698684830336 0.9800649285316467 54
1698684830343 0.9791377186775208 55
1698684830350 0.9792922139167786 56
1698684830360 0.9803739786148071 57
1698684830367 0.9834647178649902 58
1698684830373 0.9830010533332825 59
