1698684829327 0.6913468837738037 0
1698684829332 0.6856217980384827 1
1698684829337 0.6775990724563599 2
1698684829345 0.6671393513679504 3
1698684829350 0.6553767919540405 4
1698684829355 0.6412967443466187 5
1698684829361 0.6271917819976807 6
1698684829366 0.6116366982460022 7
1698684829371 0.5938575863838196 8
1698684829379 0.5744819045066833 9
1698684829379 0.5522254109382629 10
1698684829390 0.5313969254493713 11
1698684829395 0.5042338371276855 12
1698684829395 0.4824009835720062 13
1698684829407 0.4578710198402405 14
1698684829412 0.43536078929901123 15
1698684829412 0.4092702269554138 16
1698684829423 0.3857068717479706 17
1698684829429 0.3665848672389984 18
1698684829429 0.345674604177475 19
1698684829438 0.32572710514068604 20
1698684829448 0.30573657155036926 21
1698684829457 0.28720971941947937 22
1698684829465 0.27074214816093445 23
1698684829477 0.2560976445674896 24
1698684829481 0.24141377210617065 25
1698684829497 0.22840693593025208 26
1698684829507 0.21822786331176758 27
1698684829509 0.2053334265947342 28
1698684829523 0.19778648018836975 29
1698684829530 0.18824882805347443 30
1698684829541 0.17634981870651245 31
1698684829551 0.17265522480010986 32
1698684829558 0.16538500785827637 33
1698684829563 0.1562013477087021 34
1698684829579 0.1498594582080841 35
1698684829590 0.14572951197624207 36
1698684829601 0.13913333415985107 37
1698684829615 0.13297361135482788 38
1698684829626 0.1294228732585907 39
1698684829638 0.1264788806438446 40
1698684829648 0.11957860738039017 41
1698684829669 0.11639230698347092 42
1698684829679 0.10996058583259583 43
1698684829698 0.109848752617836 44
1698684829707 0.10811655968427658 45
1698684829720 0.09866899996995926 46
1698684829728 0.0973949208855629 47
1698684829743 0.09805701673030853 48
1698684829757 0.09445475786924362 49
1698684829771 0.08974320441484451 50
1698684829773 0.09322620928287506 51
1698684829781 0.08533874154090881 52
1698684829791 0.08426786959171295 53
1698684829797 0.0820440948009491 54
1698684829829 0.08252796530723572 55
1698684829847 0.07898899912834167 56
1698684829862 0.07791085541248322 57
1698684829870 0.07243780791759491 58
1698684829878 0.07308574765920639 59
