1698684830380 0.4741533100605011 0
1698684830383 0.8690476417541504 1
1698684830395 0.983146071434021 2
1698684830402 0.9654178619384766 3
1698684830408 0.9449082016944885 4
1698684830412 0.9582245349884033 5
1698684830416 0.9433155059814453 6
1698684830424 0.9406858086585999 7
1698684830432 0.9401408433914185 8
1698684830439 0.9435163140296936 9
1698684830444 0.9533867239952087 10
1698684830448 0.9582798480987549 11
1698684830457 0.9538986682891846 12
1698684830457 0.9566160440444946 13
1698684830465 0.951724112033844 14
1698684830476 0.9522684216499329 15
1698684830482 0.9495310187339783 16
1698684830490 0.9509974122047424 17
1698684830501 0.9491596817970276 18
1698684830509 0.9506428837776184 19
1698684830515 0.9497588276863098 20
1698684830515 0.9539133906364441 21
1698684830530 0.9584150910377502 22
1698684830535 0.9528411030769348 23
1698684830540 0.9534972906112671 24
1698684830551 0.9600608348846436 25
1698684830562 0.9582542777061462 26
1698684830565 0.961234450340271 27
1698684830573 0.9605411291122437 28
1698684830579 0.9581326246261597 29
1698684830582 0.9606825113296509 30
1698684830598 0.9646278619766235 31
1698684830602 0.9630723595619202 32
1698684830609 0.9667036533355713 33
1698684830617 0.966188907623291 34
1698684830626 0.965226948261261 35
1698684830631 0.9674469828605652 36
1698684830636 0.9717327356338501 37
1698684830639 0.9775487780570984 38
1698684830651 0.969298243522644 39
1698684830654 0.9680348634719849 40
1698684830666 0.9730713367462158 41
1698684830667 0.9783087968826294 42
1698684830680 0.97563636302948 43
1698684830682 0.9741442203521729 44
1698684830698 0.9738371968269348 45
1698684830705 0.9767526388168335 46
1698684830720 0.9774954915046692 47
1698684830731 0.9763808250427246 48
1698684830736 0.9786232113838196 49
1698684830746 0.9783158898353577 50
1698684830748 0.9802559614181519 51
1698684830756 0.980762243270874 52
1698684830765 0.980762243270874 53
1698684830765 0.9828779697418213 54
1698684830773 0.9803850054740906 55
1698684830781 0.9790007472038269 56
1698684830786 0.9821882843971252 57
1698684830794 0.9844146370887756 58
1698684830798 0.9809077978134155 59
