1698683751434 0.5659094452857971 0
1698683751450 0.5748724937438965 1
1698683751453 0.5753360986709595 2
1698683751468 0.5808994174003601 3
1698683751468 0.5880080461502075 4
1698683751485 0.6102611422538757 5
1698683751485 0.6343687176704407 6
1698683751497 0.673775315284729 7
1698683751502 0.7128728032112122 8
1698683751516 0.7408437728881836 9
1698683751520 0.7714418172836304 10
1698683751536 0.7980219721794128 11
1698683751546 0.8238294124603271 12
1698683751553 0.8451552987098694 13
1698683751553 0.8612270355224609 14
1698683751562 0.8789986371994019 15
1698683751562 0.8910523653030396 16
1698683751585 0.903106153011322 17
1698683751585 0.9052696824073792 18
1698683751594 0.9123783111572266 19
