1698683751331 0.6911376714706421 0
1698683751332 0.6839545965194702 1
1698683751332 0.6738324165344238 2
1698683751332 0.6614764332771301 3
1698683751347 0.6476994752883911 4
1698683751350 0.6318557858467102 5
1698683751350 0.6144446134567261 6
1698683751350 0.5972175002098083 7
1698683751350 0.5757994055747986 8
1698683751364 0.5563790798187256 9
1698683751364 0.5357080101966858 10
1698683751364 0.5124059915542603 11
1698683751378 0.4919680058956146 12
1698683751384 0.47043243050575256 13
1698683751394 0.4473716914653778 14
1698683751394 0.42875686287879944 15
1698683751394 0.40328583121299744 16
1698683751418 0.3840559422969818 17
1698683751418 0.36952126026153564 18
1698683751426 0.3472667932510376 19
