1698683751601 0.48376259207725525 0
1698683751609 0.9142857193946838 1
1698683751620 1.0 2
1698683751631 0.9857142567634583 3
1698683751635 0.9913793206214905 4
1698683751646 0.9886363744735718 5
1698683751651 0.9836448431015015 6
1698683751658 0.9799138903617859 7
1698683751668 0.9742798209190369 8
1698683751674 0.9766637682914734 9
1698683751685 0.9793662428855896 10
1698683751689 0.9798045754432678 11
1698683751701 0.9812206625938416 12
1698683751708 0.9683877825737 13
1698683751723 0.9714428782463074 14
1698683751733 0.9698823690414429 15
1698683751740 0.969244658946991 16
1698683751753 0.9686547517776489 17
1698683751753 0.9612601399421692 18
1698683751767 0.9608496427536011 19
