1698687907531 0.5557100772857666 0
1698687907531 0.5713182091712952 1
1698687907531 0.6794931292533875 2
1698687907531 0.8731262683868408 3
1698687907531 0.9304589629173279 4
1698687907548 0.9562664031982422 5
1698687907550 0.9714109301567078 6
1698687907552 0.9769741892814636 7
1698687907554 0.9808375835418701 8
1698687907555 0.9828465580940247 9
1698687907557 0.9811466336250305 10
1698687907559 0.9826920032501221 11
1698687907560 0.9857827425003052 12
1698687907563 0.985937237739563 13
1698687907564 0.9860917925834656 14
1698687907564 0.9851645827293396 15
1698687907564 0.986400842666626 16
1698687907564 0.9857827425003052 17
1698687907564 0.9857827425003052 18
1698687907564 0.9865553975105286 19
1698687907564 0.9870190024375916 20
1698687907564 0.986864447593689 21
1698687907564 0.9867099523544312 22
1698687907584 0.986400842666626 23
1698687907586 0.9860917925834656 24
1698687907587 0.9884098172187805 25
1698687907589 0.9871735572814941 26
1698687907591 0.987328052520752 27
1698687907592 0.9874826073646545 28
1698687907594 0.9871735572814941 29
1698687907596 0.9888734221458435 30
1698687907598 0.9867099523544312 31
1698687907600 0.9874826073646545 32
1698687907604 0.9887189269065857 33
1698687907606 0.986400842666626 34
1698687907608 0.9870190024375916 35
1698687907609 0.9879462122917175 36
1698687907611 0.9887189269065857 37
1698687907613 0.9870190024375916 38
1698687907616 0.9874826073646545 39
1698687907619 0.9876371622085571 40
1698687907619 0.987328052520752 41
1698687907619 0.9874826073646545 42
1698687907619 0.9879462122917175 43
1698687907619 0.9888734221458435 44
1698687907619 0.9885643720626831 45
1698687907619 0.9871735572814941 46
1698687907631 0.9887189269065857 47
1698687907634 0.9879462122917175 48
1698687907636 0.9888734221458435 49
1698687907638 0.9870190024375916 50
1698687907640 0.9876371622085571 51
1698687907642 0.9884098172187805 52
1698687907643 0.9876371622085571 53
1698687907645 0.9881007671356201 54
1698687907648 0.9879462122917175 55
1698687907648 0.9884098172187805 56
1698687907648 0.9871735572814941 57
1698687907648 0.9871735572814941 58
1698687907648 0.9891825318336487 59
