1698687907339 0.6868998408317566 0
1698687907343 0.6564300656318665 1
1698687907344 0.5675421357154846 2
1698687907346 0.4079427123069763 3
1698687907348 0.24496059119701385 4
1698687907348 0.14121384918689728 5
1698687907348 0.09378191828727722 6
1698687907348 0.07020334154367447 7
1698687907365 0.06003112718462944 8
1698687907370 0.051231443881988525 9
1698687907376 0.04868390038609505 10
1698687907380 0.046591490507125854 11
1698687907383 0.03741438314318657 12
1698687907388 0.0380561538040638 13
1698687907394 0.03752290830016136 14
1698687907398 0.03992520272731781 15
1698687907401 0.03697603568434715 16
1698687907405 0.0336088091135025 17
1698687907409 0.035835009068250656 18
1698687907409 0.03140431270003319 19
1698687907414 0.03211378678679466 20
1698687907418 0.032160405069589615 21
1698687907425 0.03166969120502472 22
1698687907427 0.030557336285710335 23
1698687907429 0.032125383615493774 24
1698687907433 0.02735263481736183 25
1698687907433 0.029302896931767464 26
1698687907433 0.02900499664247036 27
1698687907433 0.02682153508067131 28
1698687907433 0.028074439615011215 29
1698687907447 0.027114981785416603 30
1698687907451 0.028813069686293602 31
1698687907456 0.026798008009791374 32
1698687907460 0.026505397632718086 33
1698687907462 0.02758285403251648 34
1698687907464 0.02671968564391136 35
1698687907464 0.02437133714556694 36
1698687907464 0.026767339557409286 37
1698687907464 0.025560930371284485 38
1698687907464 0.02472420036792755 39
1698687907464 0.024889985099434853 40
1698687907487 0.025336656719446182 41
1698687907494 0.02440856397151947 42
1698687907496 0.026098452508449554 43
1698687907498 0.024370118975639343 44
1698687907498 0.022322429344058037 45
1698687907498 0.024711908772587776 46
1698687907498 0.022911671549081802 47
1698687907498 0.022938327863812447 48
1698687907513 0.02265292778611183 49
1698687907517 0.024074535816907883 50
1698687907519 0.022373652085661888 51
1698687907521 0.024170903488993645 52
1698687907523 0.02302398718893528 53
1698687907524 0.02243841625750065 54
1698687907526 0.022829694673419 55
1698687907529 0.022701922804117203 56
1698687907531 0.021308457478880882 57
1698687907531 0.02289021573960781 58
1698687907531 0.021178236231207848 59
