1698687907648 0.3892773985862732 0
1698687907662 1.0 1
1698687907666 0.9706666469573975 2
1698687907667 0.9450249671936035 3
1698687907669 0.9330855011940002 4
1698687907670 0.953505277633667 5
1698687907672 0.9668945670127869 6
1698687907674 0.9723519086837769 7
1698687907675 0.977011501789093 8
1698687907677 0.9798633456230164 9
1698687907680 0.9743040800094604 10
1698687907682 0.9808940291404724 11
1698687907684 0.9855491518974304 12
1698687907685 0.984155535697937 13
1698687907687 0.9866136312484741 14
1698687907688 0.9816941618919373 15
1698687907690 0.9852198958396912 16
1698687907691 0.982758641242981 17
1698687907695 0.9862518310546875 18
1698687907698 0.983135998249054 19
1698687907700 0.986994206905365 20
1698687907702 0.9876945614814758 21
1698687907704 0.9873371720314026 22
1698687907705 0.9855700135231018 23
1698687907707 0.984510064125061 24
1698687907709 0.9895041584968567 25
1698687907710 0.9877034425735474 26
1698687907715 0.9859510064125061 27
1698687907718 0.9873600602149963 28
1698687907720 0.9873509407043457 29
1698687907722 0.9891618490219116 30
1698687907723 0.9859307408332825 31
1698687907725 0.9880651235580444 32
1698687907727 0.9898660778999329 33
1698687907728 0.9859205484390259 34
1698687907730 0.9876989722251892 35
1698687907732 0.9891383051872253 36
1698687907732 0.9902209639549255 37
1698687907732 0.9880521297454834 38
1698687907732 0.985257089138031 39
1698687907732 0.9894851446151733 40
1698687907732 0.9887681007385254 41
1698687907732 0.9873600602149963 42
1698687907732 0.9884309768676758 43
1698687907732 0.9895155429840088 44
1698687907750 0.9895079731941223 45
1698687907752 0.9869989156723022 46
1698687907754 0.9880995154380798 47
1698687907755 0.9894927740097046 48
1698687907757 0.9909354448318481 49
1698687907758 0.9862914681434631 50
1698687907760 0.9887762665748596 51
1698687907762 0.9909256100654602 52
1698687907764 0.9877167344093323 53
1698687907765 0.9863260388374329 54
1698687907765 0.9905591607093811 55
1698687907765 0.9902138710021973 56
1698687907765 0.9884099960327148 57
1698687907765 0.9877034425735474 58
1698687907765 0.9884642958641052 59
