1698684453173 0.5659094452857971 0
1698684453185 0.5748724937438965 1
1698684453190 0.5753360986709595 2
1698684453201 0.5808994174003601 3
1698684453207 0.5880080461502075 4
1698684453221 0.6102611422538757 5
1698684453226 0.6343687176704407 6
1698684453232 0.673775315284729 7
1698684453249 0.7128728032112122 8
1698684453254 0.7408437728881836 9
1698684453268 0.7714418172836304 10
1698684453275 0.7980219721794128 11
1698684453285 0.8238294124603271 12
1698684453302 0.8451552987098694 13
1698684453309 0.8612270355224609 14
1698684453320 0.8789986371994019 15
1698684453326 0.8910523653030396 16
1698684453335 0.903106153011322 17
1698684453344 0.9052696824073792 18
1698684453354 0.9123783111572266 19
