1698684453026 0.6911376714706421 0
1698684453036 0.6839545965194702 1
1698684453044 0.6738324165344238 2
1698684453052 0.6614764332771301 3
1698684453062 0.6476994752883911 4
1698684453070 0.6318557858467102 5
1698684453070 0.6144446134567261 6
1698684453079 0.5972175002098083 7
1698684453086 0.5757994055747986 8
1698684453094 0.5563790798187256 9
1698684453101 0.5357080101966858 10
1698684453108 0.5124059915542603 11
1698684453114 0.4919680058956146 12
1698684453116 0.47043243050575256 13
1698684453129 0.4473716914653778 14
1698684453137 0.42875686287879944 15
1698684453144 0.40328583121299744 16
1698684453154 0.3840559422969818 17
1698684453160 0.36952126026153564 18
1698684453169 0.3472667932510376 19
