1698684453358 0.48376259207725525 0
1698684453368 0.9142857193946838 1
1698684453376 1.0 2
1698684453389 0.9857142567634583 3
1698684453404 0.9913793206214905 4
1698684453425 0.9886363744735718 5
1698684453439 0.9836448431015015 6
1698684453449 0.9799138903617859 7
1698684453458 0.9742798209190369 8
1698684453471 0.9766637682914734 9
1698684453481 0.9793662428855896 10
1698684453492 0.9798045754432678 11
1698684453497 0.9812206625938416 12
1698684453524 0.9683877825737 13
1698684453537 0.9714428782463074 14
1698684453547 0.9698823690414429 15
1698684453556 0.969244658946991 16
1698684453572 0.9686547517776489 17
1698684453575 0.9612601399421692 18
1698684453586 0.9608496427536011 19
